___________________________RHO POLLARD LOG___________________________
Input values: a = 3, b = 19, p = 304785986349532418519, q = 152392993174766209259
Result: TIMEOUT
Time consumed: 7200.083614349365 sec
Iterations: 1686164919
Duration of one iteration: 4.27009454011145e-06 sec
Estimated number of iterations: 34812211060
Estimated execution time: 148651.43237651343 s = 0.0 y 1.0 d 17.0 h 17.0 m 31.432376513432246 s
         i                     c                     d                                         log(c)                                         log(d)
         1 205058476140512971345 205058476140512971345 290405665837758895772 + 258512598823694578233x 290405665837758895772 + 258512598823694578233x
         2 238679210475357433327 267901190138337373947 290405665837758895772 + 106119605648928368975x 290405665837758895772 + 106119605648928368976x
         3 267901190138337373947  95171967138015324344 290405665837758895772 + 106119605648928368976x 290405665837758895772 + 106119605648928368978x
         4 213546831035891408689 243440358924822372785 290405665837758895772 + 106119605648928368977x 138012672662992686514 + 106119605648928368979x
         5  95171967138015324344 160731072985916415390 290405665837758895772 + 106119605648928368978x 138012672662992686515 + 106119605648928368980x
1686164915 177645264111883945305 258532499432267930228 138012672663982418923 + 106119605649624801478x 138012672664972103014 + 106119605650321282301x
1686164916  22614168280938357086 106625122861715934084 138012672663982418923 + 106119605649624801479x 138012672664972103015 + 106119605650321282302x
1686164917  67842504842815071258  45268146706846151199 138012672663982418924 + 106119605649624801479x 138012672664972103017 + 106119605650321282302x
1686164918 203527514528445213774 102627334012082942272 138012672663982418925 + 106119605649624801479x 138012672664972103019 + 106119605650321282302x
1686164919 209590939846070039478   9288047060149224891 138012672663982418925 + 106119605649624801480x 138012672664972103021 + 106119605650321282302x
_____________________________________________________________________
_________________________GIANT-STEP-BABY-STEP________________________
Input values: a = 3, b = 19, p = 304785986349532418519, q = 152392993174766209259
s = 12344755696
Result: MEMORY ERROR (too many values in sequence)
Time consumed: 1542.0011518001556 sec
Iterations: 82481824
Duration of one iteration: 1.8695041853101547e-05 sec
Estimated number of iterations: 24689511524
Estimated execution time: 461571.45127381297 s = 0.0 y 5.0 d 8.0 h 12.0 m 51.45127381297061 s
       k      sequence element
       0                    19
       1  51385731510467500035
       2 208896679946962551617
       3 184515571648194832025
       4  30069534993584071109
82481820 168555945435509962853
82481821 264667576553416001620
82481822 157201758929773417332
82481823 285951225495249773821
82481824 216999595626360141632
_____________________________________________________________________
__________________________DECOMPOSITION BASE_________________________
Input values: a = 3, b = 19, p = 304785986349532418519, q = 152392993174766209259
Result: TIMEOUT
Time consumed: 7200.079793214798 sec
Iterations: 0
Duration of one iteration: 7200.079793214798 sec
Estimated number of iterations: 513186349969
Estimated execution time: 3694982668565454.5 s = 117167131.0 y 293.0 d 9.0 h 30.0 m 54.5 s
Base len: 147
Base is: [-1, 2, 3, 5, 7, 11, 13, 17, 19, 23, 29, 31, 37, 41, 43, 47, 53, 59, 61, 67, 71, 73, 79, 83, 89, 97, 101, 103, 107, 109, 113, 127, 131, 137, 139, 149, 151, 157, 163, 167, 173, 179, 181, 191, 193, 197, 199, 211, 223, 227, 229, 233, 239, 241, 251, 257, 263, 269, 271, 277, 281, 283, 293, 307, 311, 313, 317, 331, 337, 347, 349, 353, 359, 367, 373, 379, 383, 389, 397, 401, 409, 419, 421, 431, 433, 439, 443, 449, 457, 461, 463, 467, 479, 487, 491, 499, 503, 509, 521, 523, 541, 547, 557, 563, 569, 571, 577, 587, 593, 599, 601, 607, 613, 617, 619, 631, 641, 643, 647, 653, 659, 661, 673, 677, 683, 691, 701, 709, 719, 727, 733, 739, 743, 751, 757, 761, 769, 773, 787, 797, 809, 811, 821, 823, 827, 829, 839]
                  u_i                   b_i
149441747697880250995 173672367774461869736
268968803046954469405 111738727424073080686
247325289018140554832 159440643895600706693
195033522991596933390 251560136636854265812
 10086003068576233837  23479125686046976053
V  = 1
Vectors:
[0, 0, 0, 0, 0, 0, 0, 0, 0, 0, 0, 0, 0, 0, 0, 0, 0, 0, 0, 0, 0, 0, 0, 0, 0, 0, 0, 0, 0, 0, 0, 0, 0, 0, 0, 0, 0, 0, 0, 0, 0, 0, 0, 0, 0, 0, 0, 0, 0, 0, 0, 0, 0, 0, 0, 0, 0, 0, 0, 0, 0, 0, 0, 0, 0, 0, 0, 0, 0, 0, 0, 0, 0, 0, 0, 0, 0, 0, 0, 0, 0, 0, 0, 0, 0, 0, 0, 0, 0, 0, 0, 0, 0, 0, 0, 0, 0, 0, 0, 0, 0, 0, 0, 0, 0, 0, 0, 0, 0, 0, 0, 0, 0, 0, 0, 0, 0, 0, 0, 0, 0, 0, 0, 0, 0, 0, 0, 0, 0, 0, 0, 0, 0, 0, 0, 0, 0, 0, 0, 0, 0, 0, 0, 0, 0, 0]
[-310.0, -2.0, 0.0, 0.0, 0.0, 0.0, 0.0, 0.0, 0.0, 0.0, 0.0, 0.0, 0.0, 0.0, 0.0, 0.0, 0.0, 0.0, 1.0, 0.0, 0.0, 0.0, 0.0, 1.0, 0.0, 0.0, 0.0, 0.0, 0.0, 0.0, 0.0, 0.0, 0.0, 1.0, 0.0, 0.0, 0.0, 0.0, 0.0, 1.0, 0.0, 0.0, 0.0, 0.0, 0.0, 0.0, 0.0, 0.0, 0.0, 0.0, 0.0, 0.0, 0.0, 0.0, 0.0, 0.0, 0.0, 0.0, 1.0, 0.0, 0.0, 0.0, 0.0, 0.0, 0.0, 0.0, 0.0, 0.0, 0.0, 0.0, 0.0, 0.0, 0.0, 0.0, 0.0, 0.0, 0.0, 0.0, 0.0, 0.0, 0.0, 0.0, 0.0, 0.0, 0.0, 0.0, 0.0, 0.0, 0.0, 0.0, 0.0, 0.0, 0.0, 0.0, 0.0, 0.0, 0.0, 0.0, 0.0, 0.0, 0.0, 0.0, 0.0, 0.0, 0.0, 0.0, 0.0, 0.0, 0.0, 0.0, 0.0, 0.0, 0.0, 0.0, 0.0, 0.0, 0.0, 0.0, 0.0, 0.0, 0.0, 0.0, 0.0, 0.0, 0.0, 0.0, 0.0, 1.0, 0.0, 0.0, 0.0, 0.0, 0.0, 0.0, 0.0, 0.0, 0.0, 0.0, 0.0, -1.0, -1.0, 0.0, 0.0, -1.0, 0.0, 0.0]
[0, 0, 0, 0, 0, 0, 0, 0, 0, 0, 0, 0, 0, 0, 0, 0, 0, 0, 0, 0, 0, 0, 0, 0, 0, 0, 0, 0, 0, 0, 0, 0, 0, 0, 0, 0, 0, 0, 0, 0, 0, 0, 0, 0, 0, 0, 0, 0, 0, 0, 0, 0, 0, 0, 0, 0, 0, 0, 0, 0, 0, 0, 0, 0, 0, 0, 0, 0, 0, 0, 0, 0, 0, 0, 0, 0, 0, 0, 0, 0, 0, 0, 0, 0, 0, 0, 0, 0, 0, 0, 0, 0, 0, 0, 0, 0, 0, 0, 0, 0, 0, 0, 0, 0, 0, 0, 0, 0, 0, 0, 0, 0, 0, 0, 0, 0, 0, 0, 0, 0, 0, 0, 0, 0, 0, 0, 0, 0, 0, 0, 0, 0, 0, 0, 0, 0, 0, 0, 0, 0, 0, 0, 0, 0, 0, 0]
[-290.00000000000006, -0.3333333333333333, 0.0, 0.0, 0.0, 0.0, 0.0, 0.0, 0.0, 0.0, 0.0, 0.0, 0.0, 0.0, 0.0, 0.0, 0.0, 0.0, 0.0, 0.0, 0.0, 0.0, 0.0, 0.0, 1.0, 0.0, 0.0, 0.0, 0.0, 0.0, 0.0, 0.0, 0.0, 0.0, 0.0, 0.0, 0.0, 0.0, 0.0, 0.0, 0.0, 0.0, 0.0, 0.0, 0.0, 0.0, 1.0, 0.0, 1.0, 0.0, 0.0, 0.0, 0.0, 0.0, 0.0, 0.0, 0.0, 0.0, 0.0, 0.0, 0.0, 0.0, 0.0, 0.0, 0.0, 1.0, 0.0, 0.0, 0.0, 0.0, 0.0, 0.0, 0.0, 0.0, 0.0, 0.0, 0.0, 0.0, 0.0, 0.0, 0.0, 0.0, 0.0, 0.0, 1.0, 0.0, 0.0, 0.0, 0.0, 0.0, 0.0, 0.0, 0.0, 0.0, 0.0, 0.0, 0.0, 0.0, 0.0, 0.0, 0.0, 0.0, 0.0, 0.0, 0.0, 0.0, 0.0, 0.0, 0.0, 0.0, 0.0, 0.0, 0.0, 0.0, 0.0, 0.0, 0.0, 0.0, 0.0, 0.0, 0.0, 0.0, 0.0, 0.0, 0.0, 0.0, 0.0, 0.0, 0.0, 0.0, 0.0, 0.0, 0.0, 0.0, 0.0, 0.0, 0.0, -241.4, -257.00000000000006, -210.84615384615387, -241.0, -289.0, -16.333333333333332, 0.0, 0.0, 0.0]
[0.09657320872274133, 0.0004615207107418945, -0.0, -0.0, -0.0, -0.0, -0.0, 0.0, -0.0, -0.0, -0.0, -0.0, -0.0, -0.0, -0.0, -0.0, -0.0, -0.008307372793354102, -0.0, -0.0, -0.004153686396677051, -0.0, -0.0, -0.0, -0.0, -0.0, -0.004153686396677051, -0.0, -0.0, -0.0, -0.0, -0.0, -0.0, -0.0, -0.0, -0.0, -0.0, -0.0, -0.0, -0.0, -0.0, -0.0, -0.0, -0.0, -0.0, -0.0, -0.0, -0.0, -0.0, -0.0, -0.0, -0.0, -0.0, -0.0, -0.0, -0.0, -0.0, -0.0, -0.0, -0.0, -0.0, -0.0, -0.0, -0.0, -0.0, -0.0, -0.0, -0.0, -0.0, -0.0, -0.0, -0.0, -0.0, -0.0, -0.0, -0.0, -0.0, -0.0, -0.0, -0.0, -0.0, -0.0, -0.0, -0.0, -0.0, -0.0, -0.0, -0.0, -0.0, -0.004153686396677051, -0.0, -0.0, -0.0, -0.0, -0.0, -0.0, -0.0, -0.0, -0.0, -0.0, -0.0, -0.0, -0.0, -0.0, -0.0, -0.0, -0.0, -0.0, -0.004153686396677051, -0.0, -0.0, -0.0, -0.0, -0.0, -0.0, -0.0, -0.0, -0.0, -0.0, -0.0, -0.0, -0.0, -0.0, -0.0, -0.0, -0.0, -0.0, -0.0, -0.0, -0.0, -0.0, -0.0, -0.0, -0.0, -0.0, -0.0, -0.0, 0.9351332641052267, 0.9968847352024922, 0.8125249620576723, 0.9345794392523364, 1.1228798892350293, 0.06276681666089766, -0.0, -0.0, 1.0]
_____________________________________________________________________
